489 366 991 35 384 467 12 86 156 466 233 231 868 199 541 547 776 215 298 530 938 464 
  866 300 396 376 92 283 875 441 402 173 492 693 940 167 676 730 633 912 81 265 37 679 
  792 263 815 448 698 914 103 720 873 968 642 259 454 385 564 514 719 798 365 225 568 807 
  716 927 600 216 77 486 551 929 97 612 238 907 945 950 27 34 332 528 608 69 973 767 
  532 883 773 170 543 658 896 344 408 967 724 471 258 147 301 508 431 185 930 824 687 733 
  426 522 79 782 117 892 757 506 548 36 946 602 309 423 974 851 212 647 614 242 921 122 
  859 910 478 955 794 33 617 432 491 970 949 399 352 763 411 655 50 483 966 409 869 872 
  328 413 959 848 443 2 997 257 227 379 806 715 100 317 307 271 250 26 148 599 357 476 
  68 901 582 284 874 201 802 179 175 176 668 246 788 25 318 32 135 142 248 296 44 490 
  958 30 370 596 161 844 650 346 695 163 171 832 605 781 386 285 905 229 349 470 886 831 
  712 867 400 743 218 673 226 748 878 662 700 126 354 709 842 960 363 908 723 445 526 759 
  449 876 496 911 536 244 498 534 9 290 447 160 208 8 487 652 586 774 145 870 607 90 
  189 475 107 187 613 983 339 292 415 962 678 29 266 726 769 456 572 137 741 697 749 659 
  718 664 581 241 425 460 206 956 186 624 884 942 995 597 814 574 699 833 727 609 953 407 
  10 565 803 683 635 503 615 629 579 262 747 494 705 4 963 830 129 223 625 571 338 130 
  418 422 893 178 378 280 744 18 251 631 897 993 146 672 885 55 330 277 889 643 45 240 
  153 852 439 459 789 865 133 351 853 360 887 52 589 790 482 504 316 821 611 665 711 219 
  696 645 299 840 457 194 302 321 19 685 988 902 387 0 313 452 412 139 61 111 138 424 
  616 923 13 854 920 230 592 529 157 371 390 820 717 917 125 728 38 638 433 563 485 604 
  924 777 473 66 667 120 535 150 936 725 550 184 404 838 234 841 377 15 73 707 972 28 
  479 751 192 540 562 41 549 391 159 64 753 560 847 294 610 289 401 497 573 606 180 594 
  221 420 845 287 813 708 523 256 834 141 622 395 71 714 224 499 704 861 822 765 603 286 
  63 80 40 104 862 314 200 421 793 109 989 136 856 964 310 732 469 509 217 879 935 106 
  273 172 274 766 913 666 347 801 729 722 278 585 53 182 804 295 188 598 951 132 512 237 
  435 220 127 414 446 155 121 780 656 3 688 894 539 654 158 458 800 843 397 996 335 361 
  270 267 516 941 20 952 112 438 750 926 836 288 736 326 770 691 394 690 648 110 342 488 
  114 816 863 810 202 95 131 826 359 190 329 601 306 721 947 118 209 450 367 903 764 195 
  932 982 373 336 500 87 85 925 356 891 524 823 737 762 75 994 710 992 23 312 837 269 
  383 46 204 943 481 374 986 108 113 628 619 556 60 154 124 272 334 67 812 819 538 116 
  702 319 254 369 984 546 980 527 305 890 174 281 746 644 128 871 162 149 811 440 461 501 
  632 48 542 343 669 268 398 569 948 554 62 525 232 981 731 828 922 43 245 590 49 670 
  918 393 368 954 495 98 976 778 701 151 362 785 247 83 640 898 91 621 74 39 575 115 
  682 799 944 583 511 11 735 752 761 455 5 895 502 323 969 477 588 555 919 327 999 58 
  333 392 805 618 84 653 243 783 808 165 222 561 553 474 520 998 760 93 405 211 544 703 
  340 756 566 533 303 1 987 364 626 674 355 552 236 434 239 451 825 916 166 493 465 353 
  587 738 928 754 72 686 827 786 14 105 468 880 518 971 437 779 56 577 882 772 191 623 
  661 742 636 557 375 660 31 198 595 646 584 977 88 388 809 775 228 57 70 214 684 933 
  484 567 21 857 877 975 293 119 675 427 692 934 671 505 94 904 713 957 210 784 430 417 
  939 193 829 140 906 144 864 517 578 559 630 168 291 304 694 706 406 308 849 252 261 463 
  89 205 627 787 419 279 315 203 253 480 22 331 620 641 689 795 372 734 570 537 47 442 
  341 183 978 403 657 453 680 768 649 931 275 436 858 51 389 758 213 507 990 197 181 681 
  915 860 428 65 651 207 835 663 99 382 472 985 591 348 102 410 740 791 96 177 416 42 
  850 846 513 24 311 320 123 325 817 345 282 899 771 264 839 324 634 521 337 260 444 639 
  888 297 515 196 164 855 519 531 6 637 545 101 580 558 900 797 358 937 576 143 739 82 
  510 322 59 745 78 17 755 593 979 909 677 818 255 881 276 54 249 350 961 235 7 796 
  134 429 965 462 381 380 152 169 16 76 
0 1 2 3 4 5 6 7 8 9 10 11 12 13 14 15 16 17 18 19 20 21 
  22 23 24 25 26 27 28 29 30 31 32 33 34 35 36 37 38 39 40 41 42 43 
  44 45 46 47 48 49 50 51 52 53 54 55 56 57 58 59 60 61 62 63 64 65 
  66 67 68 69 70 71 72 73 74 75 76 77 78 79 80 81 82 83 84 85 86 87 
  88 89 90 91 92 93 94 95 96 97 98 99 100 101 102 103 104 105 106 107 108 109 
  110 111 112 113 114 115 116 117 118 119 120 121 122 123 124 125 126 127 128 129 130 131 
  132 133 134 135 136 137 138 139 140 141 142 143 144 145 146 147 148 149 150 151 152 153 
  154 155 156 157 158 159 160 161 162 163 164 165 166 167 168 169 170 171 172 173 174 175 
  176 177 178 179 180 181 182 183 184 185 186 187 188 189 190 191 192 193 194 195 196 197 
  198 199 200 201 202 203 204 205 206 207 208 209 210 211 212 213 214 215 216 217 218 219 
  220 221 222 223 224 225 226 227 228 229 230 231 232 233 234 235 236 237 238 239 240 241 
  242 243 244 245 246 247 248 249 250 251 252 253 254 255 256 257 258 259 260 261 262 263 
  264 265 266 267 268 269 270 271 272 273 274 275 276 277 278 279 280 281 282 283 284 285 
  286 287 288 289 290 291 292 293 294 295 296 297 298 299 300 301 302 303 304 305 306 307 
  308 309 310 311 312 313 314 315 316 317 318 319 320 321 322 323 324 325 326 327 328 329 
  330 331 332 333 334 335 336 337 338 339 340 341 342 343 344 345 346 347 348 349 350 351 
  352 353 354 355 356 357 358 359 360 361 362 363 364 365 366 367 368 369 370 371 372 373 
  374 375 376 377 378 379 380 381 382 383 384 385 386 387 388 389 390 391 392 393 394 395 
  396 397 398 399 400 401 402 403 404 405 406 407 408 409 410 411 412 413 414 415 416 417 
  418 419 420 421 422 423 424 425 426 427 428 429 430 431 432 433 434 435 436 437 438 439 
  440 441 442 443 444 445 446 447 448 449 450 451 452 453 454 455 456 457 458 459 460 461 
  462 463 464 465 466 467 468 469 470 471 472 473 474 475 476 477 478 479 480 481 482 483 
  484 485 486 487 488 489 490 491 492 493 494 495 496 497 498 499 500 501 502 503 504 505 
  506 507 508 509 510 511 512 513 514 515 516 517 518 519 520 521 522 523 524 525 526 527 
  528 529 530 531 532 533 534 535 536 537 538 539 540 541 542 543 544 545 546 547 548 549 
  550 551 552 553 554 555 556 557 558 559 560 561 562 563 564 565 566 567 568 569 570 571 
  572 573 574 575 576 577 578 579 580 581 582 583 584 585 586 587 588 589 590 591 592 593 
  594 595 596 597 598 599 600 601 602 603 604 605 606 607 608 609 610 611 612 613 614 615 
  616 617 618 619 620 621 622 623 624 625 626 627 628 629 630 631 632 633 634 635 636 637 
  638 639 640 641 642 643 644 645 646 647 648 649 650 651 652 653 654 655 656 657 658 659 
  660 661 662 663 664 665 666 667 668 669 670 671 672 673 674 675 676 677 678 679 680 681 
  682 683 684 685 686 687 688 689 690 691 692 693 694 695 696 697 698 699 700 701 702 703 
  704 705 706 707 708 709 710 711 712 713 714 715 716 717 718 719 720 721 722 723 724 725 
  726 727 728 729 730 731 732 733 734 735 736 737 738 739 740 741 742 743 744 745 746 747 
  748 749 750 751 752 753 754 755 756 757 758 759 760 761 762 763 764 765 766 767 768 769 
  770 771 772 773 774 775 776 777 778 779 780 781 782 783 784 785 786 787 788 789 790 791 
  792 793 794 795 796 797 798 799 800 801 802 803 804 805 806 807 808 809 810 811 812 813 
  814 815 816 817 818 819 820 821 822 823 824 825 826 827 828 829 830 831 832 833 834 835 
  836 837 838 839 840 841 842 843 844 845 846 847 848 849 850 851 852 853 854 855 856 857 
  858 859 860 861 862 863 864 865 866 867 868 869 870 871 872 873 874 875 876 877 878 879 
  880 881 882 883 884 885 886 887 888 889 890 891 892 893 894 895 896 897 898 899 900 901 
  902 903 904 905 906 907 908 909 910 911 912 913 914 915 916 917 918 919 920 921 922 923 
  924 925 926 927 928 929 930 931 932 933 934 935 936 937 938 939 940 941 942 943 944 945 
  946 947 948 949 950 951 952 953 954 955 956 957 958 959 960 961 962 963 964 965 966 967 
  968 969 970 971 972 973 974 975 976 977 978 979 980 981 982 983 984 985 986 987 988 989 
  990 991 992 993 994 995 996 997 998 999 

